#Example: Most of Europe north of med.
mild_winter = {
	1 2 4 6 9 10 11 15 17 19 20 22 23 24 25 27 28 29 30 31 32 33 34 35 36 38 39 40 41 42 43 45 46 47 48 49 50 51 52 54 55 56 58 60 61 62 63 64 65 67 68 71 72 74 76 78 79 81 82 83 85 87 88 90 91 92 93 94 95 96 97 98 99 100 101 102 105 112 121 135 137 138 141 142 143 144 150 156 157 158 159 174 180 183 185 186 198 199 200 201 202 203 204 205 206 207 208 209 210 213 215 216 217 218 219 233 235 236 237 238 243 281 282 283 285 287 288 289 290 294 295 296 298 304 306 308 309 310 311 312 314 315 316 317 318 320 322 323 324 325 326 328 329 330 331 332 333 334 335 336 337 338 339 341 342 343 344 345 347 348 349 350 351 352 353 354 355 356 357 358 359 360 361 362 363 364 365 366 367 368 369 370 371 372 373 374 375 376 378 379 380 381 384 386 387 388 389 390 391 392 393 395 398 408 409 415 448 449 450 469 544 545 555 556 557 600 601 604 605 743 754 916 918 942 943 946 948 949 950 951 952 953 954 955 956 1000 1002 1003 1006 1008 1010 1115 1016 1119 1120 1125 1131 1132 1133 1134 1135 1136 1137 1138 1139 1140 1141 1142 1143 1144 1145 1147 1148 1149 1150 1151 1152 1153 1154 1155 1157 1159 1162 1163 1164 1171 1185 1270 1271 1281 1282 1283 1284 1285 1286 1287 1288 1289 1295 1296 1303 1307 1308 1366 1367 1375 1376 1384 1389 1390 1391 1392 1393 1394 1497 1498 1499 1500 1504 1506 1507 1508 1509 1512 1513 1514 1515 1516 1517 1521 1522 1523 1524 1526 1527 1528 1529 1530 1531 1532 1533 1534 1535 1536 1537 1538 1539 1540 1541 1542 1543 1544 1545 1546 1547 1548 1549 1550 1551 1552 1553 1554 1555 1556 1557 1558 1559 1560 1561 1562 1563 1564 1565 1566 1567 1568 1569 1570 1571 1572 1573 1574 1575 1576 1577 1578 1579 1580 1581 1582 1583 1584 1585 1586 1587 1588 1589 1597 1972 1977 1987 1989 1996 2043 2045 2070 2081 2099 2102 2103 2105 2106 2129 2140 2143 2145 2146 2147 2291 2307 2312 2313 2314 2316 2319 2320 2322 2323 2324 2325 2326 2330 2331 2332 2333 2334 2335 2336 2338 2339 2342 2343 2344 2345 2346 2347 2348 2349 2350 2455 2456 2460 2461 2500 2503 2504 2505 2506 2507 2508 2510 2511 2512 2513 2514 2515 2516 2556 2557 2558 2559 2560 2561 2562 2563 2564 2565 2576 2579 2580 2581 2586 2587 2597 2599 2727 2739 2743 2744 2746 2759 2760 2762 2769 2770 2773 2919 2926 2931 2936 2939 2943 2950 2954 2970 2984 3042 3114 3117 3118 3120 3121 3131 3133 3134 3135 3153 3159 3161 
}
  
#Example: Inland Europe & Scandinavia
normal_winter = {
	16 21 26 53 73 80 86 103 104 106 107 108 111 124 125 136 140 147 149 151 284 286 297 313 319 321 377 382 383 385 394 396 397 399 400 401 402 403 404 405 406 407 410 411 412 413 414 416 417 418 419 444 445 446 451 452 453 454 456 457 458 459 460 461 462 463 464 465 466 467 468 470 471 472 473 474 475 477 478 479 480 481 482 483 484 485 486 487 488 489 490 491 492 493 494 495 496 497 498 499 500 508 509 510 511 512 513 514 515 516 517 518 520 524 526 528 529 530 531 532 534 535 536 537 539 540 541 542 546 550 551 558 559 560 563 568 569 578 579 580 581 582 583 584 585 586 587 588 589 596 598 599 602 603 606 607 608 609 610 611 612 627 663 682 684 685 686 687 697 733 785 786 787 788 789 790 791 792 793 794 795 796 797 800 801 802 804 805 815 817 818 819 820 821 822 824 825 849 850 851 852 853 854 855 856 857 858 859 860 861 862 863 865 866 867 868 869 870 871 872 873 874 875 876 877 878 879 880 881 882 883 884 885 886 887 888 889 890 891 892 893 894 895 896 897 898 899 900 901 902 903 904 905 906 907 908 909 910 911 912 913 914 917 921 932 933 937 939 940 941 944 945 959 965 967 968 969 970 971 972 973 974 975 1004 1005 1007 1009 1011 1013 1014 1015 1017 1018 1019 1020 1021 1022 1023 1024 1025 1026 1027 1028 1029 1030 1031 1032 1033 1034 1035 1036 1037 1038 1096 1097 1098 1129 1146 1156 1158 1160 1165 1166 1167 1168 1169 1170 1172 1173 1174 1175 1176 1177 1178 1179 1180 1181 1182 1183 1184 1185 1186 1187 1188 1189 1190 1191 1192 1193 1194 1195 1209 1210 1211 1261 1262 1263 1264 1265 1266 1267 1268 1269 1273 1276 1277 1278 1279 1280 1290 1291 1292 1293 1294 1297 1298 1299 1323 1324 1326 1328 1329 1330 1331 1332 1333 1334 1335 1336 1337 1338 1341 1342 1343 1344 1345 1346 1347 1349 1354 1357 1359 1360 1361 1362 1363 1364 1371 1372 1374 1377 1378 1379 1380 1381 1382 1383 1385 1386 1387 1388 1395 1396 1397 1398 1455 1456 1457 1505 1510 1511 1907 1961 1969 1980 1982 1991 1994 2046 2080 2082 2083 2084 2085 2086 2087 2088 2089 2090 2091 2092 2093 2094 2095 2096 2097 2098 2100 2101 2104 2107 2108 2109 2111 2117 2119 2120 2121 2122 2123 2124 2125 2128 2130 2131 2132 2133 2134 2135 2138 2139 2141 2142 2144 2278 2279 2280 2281 2282 2283 2284 2285 2286 2287 2288 2289 2290 2292 2293 2294 2305 2306 2317 2318 2321 2327 2335 2337 2340 2341 2351 2448 2352 2454 2457 2458 2459 2463 2465 2480 2483 2491 2498 2502 2555 2566 2567 2572 2573 2574 2577 2578 2629 2630 2631 2632 2651 2660 2709 2712 2713 2715 2720 2721 2726 2729 2730 2732 2734 2735 2738 2740 2741 2750 2758 2765 2766 2767 2768 2783 2835 2928 2933 2934 2935 2937 2938 2940 2941 2942 2944 2953 2958 2995 3119 3149 3150 3155 3156 3158 3162 3163
} 

#Example: Russia & Lappland
severe_winter = {
	14 37 109 110 114 115 116 152 153 154 155 299 300 301 302 443 447 476 501 502 503 504 505 506 507 519 521 522 523 525 527 533 543 547 549 552 553 554 561 562 564 565 566 567 570 571 572 573 574 575 576 577 613 614 615 616 617 618 619 620 621 622 623 624 625 626 628 629 630 631 632 633 634 635 636 637 638 639 640 641 642 643 644 645 646 647 648 649 650 651 652 653 654 655 656 657 658 659 660 661 662 664 665 666 667 668 669 670 671 672 673 674 675 676 677 678 679 680 681 683 688 689 690 691 692 693 694 695 696 698 699 700 701 702 703 704 705 706 707 708 709 710 711 712 713 714 715 716 717 718 719 720 721 722 723 724 725 726 727 728 729 730 731 732 734 735 736 737 738 739 740 741 742 744 745 746 747 748 749 750 751 752 753 755 756 757 758 759 760 761 762 763 764 765 766 767 768 769 770 771 772 773 774 775 776 777 778 779 780 781 782 783 784 798 799 803 806 807 808 809 810 811 812 813 814 816 823 826 827 828 829 830 831 832 833 834 835 836 837 838 839 840 841 842 843 844 845 846 847 848 864 919 920 922 923 924 925 926 927 928 929 930 931 934 935 936 938 957 958 960 961 962 963 964 966 976 977 978 979 980 981 982 983 984 985 986 987 988 989 990 991 992 993 994 995 996 997 998 999 1087 1088 1089 1090 1091 1092 1093 1094 1095 1099 1198 1199 1200 1201 1202 1203 1204 1205 1206 1207 1208 1212 1213 1214 1215 1216 1217 1218 1219 1220 1221 1222 1223 1224 1225 1226 1227 1228 1229 1230 1231 1232 1233 1234 1235 1236 1237 1238 1239 1240 1241 1242 1243 1244 1245 1246 1247 1248 1249 1250 1251 1252 1253 1254 1255 1256 1257 1258 1259 1260 1272 1274 1275 1300 1301 1302 1304 1305 1306 1309 1310 1311 1312 1313 1314 1315 1316 1317 1318 1319 1320 1321 1322 1325 1327 1339 1340 1348 1352 1353 1358 1370 1983 1984 2016 2017 2110 2112 2113 2114 2115 2116 2118 2136 2137 2295 2296 2297 2298 2299 2300 2301 2302 2303 2304 2447 2451 2452 2464 2466 2467 2468 2469 2470 2471 2472 2474 2475 2477 2481 2482 2488 2489 2490 2492 2499 2520 2542 2548 2549 2550 2551 2553 2568 2569 2570 2571 2575 2627 2628 2680 2681 2682 2684 2685 2686 2687 2688 2689 2690 2691 2692 2693 2694 2695 2696 2697 2698 2699 2700 2701 2702 2703 2704 2705 2706 2707 2708 2710 2711 2714 2716 2717 2718 2719 2722 2723 2724 2725 2731 2737 2751 2752 2753 2754 2755 2756 2757 2763 2764 2945 3043 3044 
}
